px-x px-y   scale       angle
2190 2831 0.9082052344 72.708
2196 2857 0.9222611719 80.529
2201 2883 0.9354248438 92.488
2204 2910 0.9493926563 104.987
2203 2938 0.9624792188 116.521
2198 2967 0.9764029688 129.479
2187 2994 0.9891957813 -219.626
2171 3021 1.0013019531 -213.234
2149 3047 1.0126260156 -208.557
2122 3071 1.0249157813 -203.934
2091 3093 1.0402678906 -202.151
2057 3112 1.055825625 -196.389
2019 3127 1.0702707813 -189.405
1978 3138 1.0850317188 -184.942
1936 3146 1.0997082031 -179.755
1892 3150 1.1143369531 -177.022
1849 3149 1.1289253125 -173.526
1806 3145 1.1436128125 -169.136
1763 3137 1.159255 -164.622
1722 3125 1.1749485938 -161.482
1682 3109 1.1905760938 -160.178
1644 3090 1.2064642969 -156.314
1607 3068 1.2217833594 -151.332
1571 3044 1.2314807813 -146.473
1535 3017 1.2313045313 -145.883
1499 2987 1.2306325781 -145.681
1462 2956 1.231018125 -145.596
1427 2924 1.2309960938 -145.539
1393 2891 1.2308235156 -145.525
1359 2859 1.2308822656 -149.596
1326 2830 1.2307647656 -156.169
1292 2803 1.2309263281 -162.951
1257 2780 1.2307941406 -165.706
1220 2761 1.2308271875 -168.253
1180 2745 1.2307574219 -175.131
1140 2733 1.2305334375 -177.455
1112 2728 1.2304342969 -177.42
1103 2731 1.2303828906 -176.217
1103 2734 1.2306289063 -174.266
1103 2736 1.2305811719 -175.124
1101 2737 1.2302433594 -176.393
1101 2738 1.2300928125 -176.272
1101 2738 1.2298027344 -176.645
1101 2737 1.2296117969 -177.739
1101 2737 1.2291234375 -177.004
1101 2737 1.2287929688 -176.898
1101 2737 1.2286975 -176.609
1101 2736 1.2281430469 -176.83
1101 2737 1.2279484375 -175.807
1101 2737 1.2280622656 -116.4352
1102 2737 1.2277171094 -59.7369
1103 2737 1.2274600781 -25.0838
1107 2738 1.2273058594 -24.0033
1122 2737 1.2271149219 -22.8889
1146 2731 1.2266449219 -25.0336
1183 2721 1.2269827344 -24.4269
1229 2710 1.2277758594 -22.9741
1276 2697 1.2276032813 -24.0313
1320 2684 1.2273939844 -24.1661
1363 2671 1.2275775781 -23.9325
1406 2659 1.2277648438 -23.8064
1449 2646 1.22805125 -23.6422
1492 2633 1.2281210156 -23.805
1535 2620 1.2280108594 -23.3809
1579 2607 1.2282421875 -23.3744
1622 2595 1.2281834375 -23.254
1664 2582 1.2280549219 -23.8167
1707 2568 1.2277648438 -23.3618
1750 2555 1.2280402344 -23.597
1793 2541 1.2278676563 -23.6209
1836 2527 1.2278419531 -24.2024
1878 2513 1.22758125 -24.6088
1921 2499 1.2274490625 -24.5038
1964 2485 1.2273609375 -24.2799
2007 2472 1.2273903125 -24.0366
2050 2458 1.2270157813 -24.0921
2093 2444 1.2270414844 -24.0745
2136 2432 1.2271516406 -23.6931
2180 2420 1.2266265625 -23.7497
2223 2407 1.2265421094 -23.4974
2266 2394 1.2265678125 -23.52
2309 2380 1.2266265625 -23.6691
2351 2367 1.2270194531 -23.72
2394 2354 1.2272214063 -23.5288
2437 2340 1.2269827344 -23.7291
2480 2326 1.2271369531 -23.5865
2522 2312 1.2272728125 -23.4244
2565 2297 1.2275996094 -23.9566
2608 2283 1.2274233594 -23.1602
2651 2268 1.2273352344 -23.8655
2693 2253 1.2278860156 -23.6635
2736 2237 1.2281834375 -23.4527
2778 2222 1.2277024219 -23.2527
2820 2206 1.22811 -23.593
2862 2189 1.2282238281 -23.6461
2903 2172 1.2279227344 -24.2943
2938 2155 1.227669375 -22.19
2962 2142 1.227081875 -23.5185
2974 2139 1.2273976563 -24.8031
2975 2142 1.2277428125 -23.2116
2977 2146 1.227375625 -23.9506
2980 2147 1.2270671875 -24.0591
2981 2148 1.2265678125 -24.1497
2982 2148 1.225613125 -24.1442
2982 2148 1.2250072656 -24.0665
2983 2148 1.2228445313 -24.2892
2984 2150 1.2174064844 -25.5953
2986 2150 1.20772375 -25.3535
2985 2150 1.1957020313 -25.7521
2985 2150 1.18904125 -24.9261
2984 2150 1.1885859375 -22.5649
2984 2148 1.1885271875 -23.8563
2984 2148 1.1882224219 -23.8633
2990 2146 1.1878772656 -24.4984
3006 2142 1.187455 -24.8484
3029 2135 1.1875357813 -26.259
3048 2131 1.187190625 -26.3381
3062 2126 1.1868197656 -33.9058
3086 2118 1.1875064063 -45.6573
3114 2104 1.1877707813 -51.14501
3142 2085 1.1880021094 -55.4805
3158 2077 1.1882885156 -53.94769
3164 2074 1.1880682031 -54.0735
3168 2073 1.1882371094 -52.84105
3173 2071 1.1882921875 -53.601
3176 2069 1.1883435938 -59.9368
3178 2067 1.1882517969 -61.2112
3179 2067 1.1880314844 -61.0994
3179 2067 1.1879947656 -65.4898
3178 2067 1.1878185156 -124.9804
3178 2068 1.1876789844 -179.902
3178 2070 1.1881526563 -204.737
3174 2075 1.1882554688 -208.277
3161 2083 1.1878919531 -206.596
3139 2094 1.1877597656 -208.449
3108 2104 1.187836875 -205.377
3083 2108 1.1872640625 -206.581
3069 2110 1.1878185156 -207.384
3058 2113 1.1882775 -207.905
3050 2116 1.1885675781 -207.539
3043 2117 1.188189375 -208.453
3037 2119 1.1878809375 -207.868
3033 2120 1.1873999219 -207.437
3030 2121 1.1873485156 -207.138
3028 2121 1.1871282031 -207.227
3026 2121 1.1872016406 -207.128
3025 2123 1.1872530469 -207.166
3025 2126 1.1870253906 -206.994
3024 2128 1.1863057031 -207.101
3024 2129 1.186045 -206.727
3024 2131 1.1858614063 -206.574
3025 2131 1.1832360156 -206.741
3025 2132 1.1766046094 -206.454
3025 2132 1.166099375 -206.559
3025 2131 1.1547202344 -205.8
3025 2130 1.1436935938 -206.252
3025 2130 1.1328835938 -206.652
3025 2130 1.1220772656 -207.268
3025 2130 1.1113921094 -207.355
3025 2130 1.1005674219 -206.996
3025 2130 1.0897794531 -206.973
3025 2130 1.0788666406 -207.374
3025 2130 1.0679538281 -207.389
3025 2130 1.05685375 -206.877
3024 2130 1.0457903906 -206.582
3024 2130 1.0346242188 -207.134
3024 2130 1.0236489844 -207.385
3024 2130 1.0124607813 -207.155
3025 2130 1.0012689063 -207.359
3025 2130 0.9903303906 -207.64
3024 2131 0.9793110938 -207.38
3024 2131 0.9681302344 -207.402
3024 2131 0.9570338281 -207.056
3024 2130 0.9459410938 -207.249
3024 2130 0.9346060156 -207.673
3024 2130 0.9235573438 -207.378
3024 2130 0.9126702344 -207.05
3024 2129 0.9015334375 -206.713
3025 2129 0.8905067969 -206.428
3025 2130 0.8796086719 -207.182
3025 2130 0.8686554688 -206.651
3025 2130 0.857896875 -207.1
3025 2130 0.8468445313 -207.031
3025 2130 0.8359647656 -206.941
3026 2131 0.82502625 -207.147
3026 2132 0.8141134375 -207.212
3026 2131 0.8031125 -206.906
3025 2131 0.7922364063 -207.002
3025 2131 0.7814227344 -207.273
3025 2131 0.7706678125 -207.48
3025 2131 0.7599459375 -207.388
3025 2131 0.7491285938 -207.401
3025 2131 0.7384544531 -206.906
3025 2131 0.7276517969 -207.527
3025 2131 0.7166288281 -206.857
3025 2131 0.7053525 -206.898
3026 2131 0.6941385938 -207.199
3025 2131 0.6831229688 -207.221
3025 2131 0.6722248438 -207.493
3024 2130 0.6612275781 -206.77
3025 2130 0.6500283594 -206.394
3025 2130 0.6394386719 -207.843
3024 2130 0.6284157031 -207.496
3024 2130 0.617021875 -207.629
3024 2130 0.6059952344 -206.892
3024 2130 0.5949025 -207.126
3024 2130 0.5836849219 -206.664
3024 2130 0.5721809375 -207.234
3024 2130 0.5610294531 -206.802
3025 2130 0.5506160156 -206.761
3025 2130 0.5396591406 -207.427
3024 2130 0.5291208594 -206.332
3024 2130 0.5182190625 -206.324
3024 2130 0.5071850781 -207.342
3024 2130 0.4964228125 -207.085
3024 2130 0.492530625 -208.381
3023 2129 0.49273625 -206.369
3023 2129 0.4926628125 -206.951
3021 2130 0.4922589063 -206.786
3014 2132 0.4922185156 133.425
3005 2137 0.4923103125 77.616
2996 2147 0.4923507031 64.83
2989 2160 0.4922625781 65.027
2985 2177 0.4919798438 64.229
2984 2196 0.4922038281 61.485
2984 2215 0.4926444531 63.088
2987 2235 0.4928757813 62.693
2991 2256 0.4929749219 62.625
2998 2278 0.4931548438 61.897
3006 2301 0.4932907031 61.987
3015 2324 0.4931475 62.14
3025 2346 0.4933825 62.503
3034 2367 0.4933457813 62.547
3044 2386 0.4931144531 62.237
3054 2403 0.4931585156 62.417
3065 2418 0.4932099219 62.124
3075 2433 0.4930924219 61.963
3086 2449 0.4930042969 62.15
3096 2468 0.4927399219 62.529
3106 2489 0.4924755469 62.484
3116 2514 0.4925526563 62.014
3127 2541 0.4925122656 62.181
3138 2570 0.4927252344 62.14
3149 2600 0.4928096875 61.27
3160 2630 0.4924902344 62.804
3171 2659 0.4924094531 62.193
3181 2687 0.4927325781 62.386
3191 2710 0.4928794531 62.275
3201 2732 0.493118125 62.573
3210 2753 0.4930042969 62.464
3220 2773 0.4927876563 62.546
3229 2795 0.4928464063 56.73
3240 2817 0.4925746875 46.0215
3252 2840 0.4923323438 40.224
3267 2862 0.4922552344 33.0885
3285 2883 0.4922846094 27.1798
3305 2903 0.4921083594 25.1665
3325 2921 0.4923176563 15.8999
3344 2936 0.4916677344 6.7191
3362 2948 0.4922589063 1.9489
3380 2957 0.4923103125 1.315
3398 2964 0.4923874219 3.288
3415 2969 0.4926701563 7.6618
3433 2974 0.4926260938 10.9732
3451 2979 0.4927472656 11.4953
3470 2983 0.4925636719 14.1188
3488 2988 0.4924975781 18.0551
3504 2992 0.4926995313 24.6417
3521 2997 0.49308875 29.4671
3537 3005 0.4932246094 33.9983
3551 3014 0.4933751563 37.1234
3565 3024 0.4935440625 37.9477
3579 3035 0.4936064844 37.8627
3592 3046 0.493353125 37.8371
3605 3056 0.4932576563 38.4829
3616 3065 0.4931989063 37.8549
3627 3075 0.4931034375 38.3064
3636 3083 0.4930630469 37.982
3644 3091 0.4931511719 38.1793
3651 3099 0.49320625 38.0401
3659 3108 0.4932099219 38.2348
3668 3119 0.4933164063 37.6958
3676 3130 0.4933421094 37.7416
3682 3140 0.4933714844 38.0468
3689 3149 0.4932319531 38.5165
3698 3161 0.4933861719 38.3195
3707 3174 0.4932025781 36.5507
3717 3186 0.4931621875 38.1431
3727 3198 0.4928464063 38.2403
3737 3209 0.49285375 37.7681
3748 3221 0.4928464063 37.5541
3758 3232 0.4928133594 37.8386
3769 3243 0.4926775 37.8219
3779 3253 0.4927509375 37.7807
3789 3262 0.4930373438 37.3681
3798 3271 0.49297125 37.5278
3807 3280 0.4931585156 36.9574
3817 3289 0.4932870313 36.5595
3826 3298 0.4934155469 41.2638
3836 3309 0.493235625 48.3867
3847 3322 0.4930336719 54.2966
3859 3337 0.492883125 59.588
3871 3355 0.4927215625 64.221
3883 3375 0.4928023438 65.564
3896 3398 0.4931548438 67.378
3908 3421 0.4934853125 71.539
3921 3446 0.493470625 76.593
3931 3471 0.4936211719 79.187
3940 3497 0.4938671875 79.749
3947 3522 0.4943335156 80.379
3951 3541 0.4950752344 80.316
3954 3558 0.4961364063 84.579
3957 3577 0.4975096875 90.563
3958 3598 0.4990959375 93.675
3956 3619 0.5007776563 94.851
3953 3641 0.5021913281 95.572
3949 3662 0.5026319531 95.712
3946 3673 0.5023969531 92.363
3945 3679 0.5026099219 96.916
3941 3688 0.5023896094 107.561
3937 3698 0.5021509375 114.207
3930 3709 0.5023932813 120.705
3922 3720 0.5025438281 122.003
3912 3731 0.5027347656 122.123
3901 3742 0.5028485938 122.044
3890 3751 0.5026576563 121.344
3881 3757 0.5044017969 121.44
3872 3763 0.5073172656 121.725
3864 3768 0.5131775781 122.03
3858 3772 0.5197392188 121.784
3851 3777 0.5283938281 121.764
3844 3784 0.5401217969 121.569
3836 3793 0.5530871875 121.953
3827 3803 0.5642753906 122.613
3819 3817 0.5745089063 125.055
3809 3832 0.5850178125 131.418
3798 3845 0.5944398438 133.429
3788 3857 0.6024628906 134.982
3779 3867 0.6092264844 -219.683
3769 3874 0.6165408594 -215.997
3759 3881 0.6232310156 -211.165
3749 3886 0.6295796875 -211.113
3740 3889 0.6347607031 -211.943
3731 3891 0.6402354688 -211.749
3721 3894 0.6459489063 -209.518
3713 3897 0.6514236719 -206.905
3704 3899 0.6564321094 -206.011
3695 3900 0.6611210938 -205.357
3684 3902 0.6616461719 -199.466
3670 3903 0.6619252344 -195.912
3656 3905 0.6620207031 -194.963
3642 3908 0.6615323438 -194.459
3628 3909 0.6612422656 -192.164
3613 3909 0.6610403125 -190.891
3598 3910 0.6610770313 -186.459
3582 3910 0.6611027344 -184.259
3564 3909 0.6612128906 -180.987
3546 3907 0.6612202344 -174.826
3526 3903 0.6611871875 -165.144
3508 3896 0.6611027344 -155.681
3491 3887 0.6612642969 -149.576
3474 3876 0.6614882813 -143.8712
3459 3863 0.6618517969 -139.995
3443 3846 0.661906875 -134.0954
3427 3827 0.6619032031 -128.9864
3411 3806 0.6619435938 -124.4158
3397 3782 0.6618077344 -119.6627
3385 3758 0.6618921875 -115.5097
3375 3733 0.6617967188 -112.192
3367 3709 0.66176 -110.8953
3361 3687 0.6615066406 -110.7642
3357 3667 0.6612936719 -110.5259
3355 3651 0.6612202344 -111.0151
3354 3639 0.6613010156 -110.9412
3353 3630 0.6616498438 -111.0721
3354 3628 0.6624282813 -111.1821
3354 3630 0.6627550781 -110.9647
3355 3630 0.6622850781 -104.8896
3357 3627 0.6618664844 -96.8865
3360 3621 0.6613046875 -96.5746
3362 3615 0.66087875 -96.435
3365 3608 0.6610072656 -96.64
3367 3595 0.6609778906 -96.5363
3369 3579 0.6609338281 -96.9684
3370 3558 0.6610807031 -99.6614
3370 3533 0.6613230469 -99.5697
3368 3505 0.6613157031 -99.4356
3365 3477 0.6616241406 -99.6989
3360 3447 0.6620207031 -99.9353
3357 3415 0.6620794531 -99.5899
3355 3384 0.6619729688 -99.6777
3353 3355 0.6618811719 -100.0064
3352 3327 0.6617967188 -99.9325
3351 3302 0.6618921875 -99.5275
3350 3279 0.6621088281 -99.4051
3349 3258 0.6620500781 -99.7849
3348 3237 0.66223 -100.3007
3348 3218 0.6623548438 -101.0714
3348 3198 0.6627036719 -105.7687
3347 3177 0.6626265625 -110.7959
3344 3154 0.6625898438 -111.2799
3340 3129 0.6626045313 -116.3462
3334 3103 0.66223 -121.2312
3326 3076 0.662083125 -129.4165
3314 3049 0.6622116406 -138.5391
3296 3021 0.6621675781 -146.947
3273 2995 0.6621382031 -152.946
3246 2970 0.6623438281 -161.931
3215 2947 0.6624025781 -162.636
3182 2927 0.6625751563 -162.743
3148 2910 0.6625310938 -163.151
3114 2895 0.6625384375 -163.16
3081 2881 0.6621896094 -163.087
3050 2868 0.6621602344 -162.939
3021 2857 0.6620280469 -162.996
2993 2847 0.661965625 -162.917
2967 2838 0.6618554688 -163.183
2942 2830 0.6617930469 -163.634
2919 2823 0.6618885156 -164.925
2896 2815 0.6617783594 -160.884
2872 2806 0.6619325781 -156.141
2847 2793 0.6620978125 -149.765
2821 2776 0.6621492188 -147.026
2793 2756 0.6620207031 -143.7315
2766 2732 0.6618077344 -140.0328
2739 2706 0.6616571875 -136.9264
2714 2679 0.6612532813 -135.6531
2693 2651 0.6608750781 -132.9641
2674 2623 0.6605996875 -132.3314
2656 2594 0.6604491406 -125.6317
2641 2565 0.6605189063 -119.4264
2628 2534 0.6607208594 -115.0983
2618 2501 0.6610329688 -111.4746
2610 2466 0.6612275781 -106.0045
2605 2429 0.6615690625 -100.6461
2601 2390 0.661906875 -96.7918
2600 2352 0.6622703906 -94.6616
2601 2313 0.6630965625 -90.1579
2605 2274 0.663434375 -87.5021
2612 2235 0.6638015625 -84.1238
2622 2196 0.6646203906 -80.7367
2634 2157 0.6652005469 -77.0817
2649 2119 0.6653290625 -69.4894
2666 2083 0.665784375 -62.7694
2687 2049 0.666665625 -57.2761
2711 2017 0.6668235156 -52.06096
2739 1988 0.6671539844 -42.86672
2769 1963 0.6674771094 -31.1312
2793 1947 0.6672861719 -24.1314
2806 1941 0.6673302344 0.0027
2826 1939 0.6671466406 6.2155
2853 1942 0.6672861719 11.3713
2888 1947 0.6674 17.8016
2926 1956 0.6652152344 37.7128
2966 1970 0.6609632031 56.713
3004 1990 0.6549119531 72.169
3028 2006 0.6491801563 70.218
3032 2012 0.6469953906 87.144
3034 2016 0.6398021875 105.399
3036 2019 0.6314046094 125.837
3037 2023 0.6227720313 -214.169
3038 2025 0.6150207031 -206.937
3038 2024 0.6065717188 -204.304
3038 2024 0.5978877344 -193.802
3039 2024 0.5890899219 -179.933
3039 2023 0.5801342188 -153.394
3040 2023 0.5716338281 -129.0878
3039 2023 0.5631517969 -113.3643
3039 2023 0.5552939844 -111.5684
3039 2022 0.5474251563 -110.4616
3039 2022 0.5393874219 -113.0354
3038 2021 0.5310853125 -113.2463
3037 2021 0.5218689063 -112.9816
3036 2021 0.5134309375 -110.2748
3036 2021 0.5049048438 -111.3717
3036 2021 0.497495 -111.0257
3036 2021 0.4892002344 -110.6354
3037 2021 0.4802775781 -111.0008
3037 2026 0.4725960156 -109.2532
3038 2035 0.4649585156 -103.8079
3041 2048 0.4559146875 -106.945
3046 2064 0.4462466406 -117.665
3051 2078 0.437070625 -114.0465
3054 2082 0.42728875 -108.9116
3056 2083 0.4172535156 -113.5968
3058 2091 0.4091607031 -111.7603
3062 2104 0.399764375 -110.1609
3068 2119 0.3909922656 -114.0654
3075 2136 0.3822789063 -111.9842
3082 2152 0.3731616406 -112.2378
3086 2162 0.3644475469 -107.3998
3088 2163 0.3551716563 -103.7007
3089 2163 0.3463745781 -115.1129
3089 2163 0.3378337969 -126.8821
3088 2163 0.3289350078 -129.8239
3088 2162 0.3200207969 -136.2897
3087 2161 0.3113177188 -146.564
3087 2162 0.3023164844 -147.549
3087 2162 0.2928915156 -147.43
3084 2159 0.2838366719 -156.867
