1469.97 4237.23 1493.8 4253.99 4 0.6728 
498.746 3687.72 515.011 3713.1 4 0.838835 
995.019 3503.57 1012.67 3527.47 4 0.961159 
1356.53 4272.79 1374.11 4295.4 4 0.576723 
1485.17 3042.73 1502.61 3064.95 4 0.967217 
952.351 3800.71 971.148 3822.83 4 0.463412 
2754.25 2661.48 2770.46 2687.38 4 0.310174 
2001.93 3340.66 2019.48 3351.13 4 0.432982 
64.7369 4775.85 72.3048 4786.57 5 0.710708 
87.4167 4776.29 95.8027 4787.78 5 0.309982 
95.7764 4776.07 103.957 4786.74 5 0.457854 
56.3254 4775.68 64.0754 4786.39 5 0.583826 
40.6657 4776.57 48.8881 4785.68 5 0.613907 
29.2781 4777.5 37.4025 4786.31 5 0.781532 
23.4106 4777.15 32.4489 4787.94 5 0.657338 
79.1427 4775.69 87.3821 4786.96 5 0.326918 
71.3465 4775.93 79.0033 4786.56 5 0.623407 
126.38 4777.35 135.099 4786.6 5 0.514766 
50.5922 4775.91 58.2679 4786.22 5 0.548172 
16.2528 4776.68 25.388 4787.78 5 0.541614 
119.274 4776.82 127.378 4786.57 5 0.420687 
7.86356 4775.35 16.9691 4786.94 5 0.368435 
66.07 861.462 82.2466 887.439 5 0.526996 
113.633 4776.58 121.485 4786.51 5 0.386211 
54.1052 864.371 70.4613 889.829 5 0.527415 
41.8144 859.949 57.7165 887.045 5 0.369431 
2104.51 2980.02 2115.1 2996.25 5 0.809204 
902.966 4073.34 913.962 4090.89 5 0.728347 
444.858 3095.46 471.81 3116.93 5 0.378889 
1722.43 2765.95 1745.06 2783.14 5 0.574964 
1360.44 3232.76 1379.64 3243.22 5 0.614658 
1969.2 3830.46 1987.18 3840.81 5 0.349034 
985.547 3577.12 1003.63 3598.07 5 0.625521 
1234.3 4202.75 1257.6 4219.83 5 0.546343 
1422.16 4229.93 1447.01 4247.64 6 0.363005 
2880.9 1984.19 2904.48 2024.63 6 0.484146 
38.7568 959.017 61.008 1000.57 9 0.46536 
55.4349 967.177 77.4557 1004.82 9 0.299709 
77.4223 859.322 93.4694 887.868 9 0.729176 
71.3565 966.083 92.8809 1010 9 0.582838 
1316.72 4566.91 1333.57 4593.54 9 0.368781 
41.1252 857.051 57.5307 884.92 9 0.342157 
3805.06 3800.48 3833.6 3854.37 9 0.346928 
121.871 1024.15 158.938 1046.66 9 0.336742 
3.61511 800.721 72.6367 844.206 9 0.363928 
66.3764 963.254 97.3475 1011.12 10 0.409463 
34.4727 956.901 65.4396 1001.7 10 0.411923 
3290.05 3475.02 3372.11 3522.02 11 0.706075 
68.1311 911.309 98.0158 985.207 11 0.687787 
56.0766 961.445 77.4546 1000.77 12 0.35696 
962.597 4626.22 1075.51 4803.51 23 0.430262 
365.16 2907.01 458.318 3086.3 23 0.707359 
83.4555 791.31 99.2682 815.745 24 0.505656 
150.598 4739.18 160.722 4756.95 24 0.656073 
137.801 4733.67 154.663 4758.51 24 0.507344 
445.878 3096.83 470.651 3116.04 24 0.386636 
75.1665 791.858 89.9044 818.549 24 0.562487 
1962.46 3301.29 2011.46 3330.14 24 0.548667 
136.888 4738.48 146.174 4756.12 24 0.748349 
103.682 4741.67 118.656 4753.68 24 0.521448 
85.9369 793.354 96.5525 814.053 25 0.540944 
92.84 789.839 109.762 814.232 25 0.7195 
114.986 4736.86 134.041 4757.6 25 0.60305 
1440.5 4197.03 1464.36 4216.49 25 0.394706 
2368.99 2917.07 2425.07 3010.97 27 0.640851 
4064.17 1029.94 4118.36 1124.79 27 0.94162 
3055.44 549.613 3128.25 611.737 27 0.549722 
1924.11 2644.93 2051.71 2724.02 30 0.510238 
2435.06 2265.69 2579.34 2349.98 30 0.57467 
1508.67 3162.26 1618.91 3246.52 30 0.759421 
1651.83 3790.97 1814.01 3913.1 30 0.633318 
174.592 865.267 213.952 886.617 44 0.455119 
147.307 851.454 181.027 872.929 44 0.451857 
3499.46 3384.72 3551.5 3439.23 46 0.954686 
2757.44 2894.31 2815.71 2952.82 46 0.976387 
3299.17 3939.88 3350.5 4002.52 46 0.709798 
3403.6 3563.38 3456.11 3630.96 46 0.58427 
2678.58 4131.77 2737.02 4192.73 46 0.690702 
3770.39 3208.56 3805.09 3263.54 46 0.468026 
1908.32 2853.26 1958.92 2913.87 46 0.650765 
3906.4 1382.8 3949.55 1425.79 46 0.79446 
1793.06 1844.12 1815.99 1864.85 46 0.993106 
3294.04 293.098 3337.25 335.501 46 0.515223 
2722.68 4191.19 2758.83 4231.55 46 0.703765 
1129.84 2336.05 1199.6 2410.61 47 0.415904 
3287 286.718 3342.82 343.445 47 0.451695 
1425.83 4311.39 1481.25 4365.23 47 0.631501 
3223.07 1501.76 3281.79 1559.37 47 0.553017 
2891.45 3207.07 2976.06 3264.14 47 0.300569 
2721.75 2254.89 2763.15 2295.64 47 0.909579 
3973.37 2233.01 4052.41 2282.14 47 0.44949 
3617.78 4233.35 3731.41 4307.88 48 0.871592 
3986.81 1632.71 4067.56 1654.8 48 0.588277 
1810.41 3322.51 1926.61 3408.38 48 0.900883 
2691.16 4462.53 2789.72 4593.27 48 0.646817 
3587.24 4453.03 3669.11 4529.28 48 0.822762 
2279.68 2474.21 2419.96 2543.43 48 0.811394 
568.709 3373.3 679.192 3441.06 48 0.847669 
3379.12 2781.84 3425.59 2829.92 48 0.955446 
2211.3 3188.85 2298.6 3293.03 48 0.550346 
2307.45 4409.19 2384.1 4498.65 48 0.532382 
3415.98 2782.91 3471.22 2841.31 48 0.830445 
2649.85 1950.05 2782.51 2057.78 48 0.821555 
585.822 3300.07 689.19 3379.99 48 0.98055 
2320.03 2876.15 2375.05 2956.96 48 0.984054 
2597.34 1774.52 2690.97 1842.09 48 0.486185 
3604.26 4372.89 3697.75 4448.49 48 0.97917 
3950.7 2714.08 4037.98 2767.67 48 0.992729 
2513.07 412.389 2616.6 499.642 48 0.594843 
3010 4178.16 3064.44 4243.43 48 0.550844 
2310.58 4608.55 2389.33 4774 48 0.645654 
2871.08 3175.71 2945.76 3218.04 48 0.945719 
3713.77 3474.79 3768.06 3543.09 48 0.502173 
3859.64 1821.25 3929.25 1871.19 48 0.710417 
3427.25 2885.65 3507.53 2960.89 48 0.711709 
3634.66 3177.9 3719.83 3246.45 48 0.970324 
901.13 4172.69 994.358 4299.92 48 0.894901 
3862.59 1768.23 3918.46 1825.4 48 0.801822 
3006.79 3228.97 3062.4 3293.75 48 0.995482 
3489.02 4449.59 3546.21 4517.82 48 0.994544 
2864.45 3123.27 2950.65 3185.41 48 0.951865 
3644.42 3052.36 3737.68 3116.05 48 0.877188 
2854.43 1001.49 2954.43 1054.78 48 0.695825 
1676.27 1935.03 1786.69 1991.74 48 0.957391 
1184.81 3602.73 1269.53 3716.82 48 0.866335 
164.344 3585.38 261.307 3669.32 48 0.859775 
3762.33 3205.7 3813.04 3266.64 48 0.559808 
2175.62 3226.7 2229.1 3293.25 48 0.939498 
3959.45 3472.74 4035.01 3527.85 48 0.942983 
3964.41 3118.33 4011.07 3167.03 48 0.976036 
2822.17 2898.61 2900.99 2967.74 48 0.96099 
3630.09 600.387 3723.46 686.38 48 0.930802 
3653.65 3467.05 3735.66 3544.76 48 0.68195 
1299.87 4553.93 1435.78 4706.73 48 0.601116 
3291.73 288.562 3339.34 336.085 48 0.517787 
3790.92 2956.1 3898.05 3020.9 48 0.830032 
3219.13 1498.71 3265.35 1559.73 48 0.562318 
2532.29 2878.67 2567.02 2920.37 48 0.932649 
3818.12 3210.98 3904.17 3261.21 48 0.704611 
3490.95 2878.86 3575.06 2969 48 0.744337 
498.086 3737.92 582.114 3818.87 48 0.720164 
854.351 3068.72 914.75 3133.04 48 0.985224 
1353.01 4389.87 1551.75 4527.47 48 0.688481 
2824.6 2963.34 2896.05 3009.08 48 0.94684 
2917.72 914.602 2992.26 983.779 48 0.513149 
3172.64 1411.28 3251.33 1489.62 48 0.809275 
3224.08 4367.73 3282.86 4440.6 48 0.945649 
3168.21 4350.64 3257.12 4445.63 48 0.849547 
3983.68 2479.69 4056.33 2522.53 48 0.831775 
1023.54 3517.14 1129.51 3577.52 48 0.954162 
3440.17 3430.64 3497.24 3508.42 48 0.944373 
2649.43 2486.96 2751.37 2560.79 48 0.719602 
3319.13 4399.73 3375.14 4470.61 48 0.967008 
2532.76 2109.92 2624.25 2191.36 48 0.585522 
3894.96 1482.36 3949.93 1552.75 48 0.99232 
2548.24 2885.63 2624.16 2971.48 48 0.680319 
3874.66 1651.75 3944.69 1718.13 48 0.90411 
3965.25 2629.57 4043.72 2688.38 48 0.897495 
1344.61 4502.55 1464.24 4579.43 48 0.969446 
3809.41 46.812 3889.53 121.383 48 0.928159 
3491.3 3345.19 3541.08 3388.59 48 0.990581 
4162.51 3864.91 4244.59 3936.1 48 0.814346 
1910.3 3043 2081.44 3123.71 48 0.868183 
3025.26 783.982 3080.27 837.726 48 0.981473 
814.933 3068.57 862.96 3119.67 48 0.855051 
690.292 4035.45 773.991 4114.4 48 0.938673 
2875.88 2999.27 2957.64 3074.57 48 0.874613 
2117.52 2782.39 2196.96 2842.92 48 0.86967 
3957.65 3014.12 4033.56 3072.02 48 0.911846 
2369.85 4413.63 2424.05 4492.51 48 0.940761 
3851.79 1711.54 3930.09 1831.76 48 0.910236 
3476.05 4261.74 3525.54 4322.58 48 0.861846 
2120.62 3227.9 2197.62 3330.75 48 0.515857 
3760.8 3010.02 3812.9 3076.27 48 0.765568 
950.648 4619.58 1075.17 4796.81 48 0.370295 
1892.21 2130.45 1972.17 2199.69 48 0.85624 
577.716 3703.96 629.307 3761.78 48 0.935502 
735.934 4361.53 839.765 4428.06 48 0.822087 
3483.87 3103.93 3565.08 3159.56 48 0.925041 
1699.31 4166.75 1785.84 4253.34 48 0.72207 
3058.61 555.868 3128.2 603.92 48 0.75357 
3993.21 2674.37 4048.31 2728.94 48 0.969867 
518.657 3632.44 576.835 3721.2 48 0.336677 
1591.99 4372.4 1628.18 4415.39 48 0.789606 
2912.5 1317.37 3006.35 1386.81 48 0.649109 
2119.87 3172.29 2215.6 3234.92 48 0.961961 
3498.25 4303.57 3578.64 4367.49 48 0.763412 
145.699 2997.92 197.617 3056.4 48 0.928302 
1827.91 3089.99 1865.59 3139.23 48 0.941967 
3642.36 3006.49 3724.25 3063.21 48 0.961545 
3664.61 544.871 3748.87 602.083 48 0.732192 
3653.06 4617.11 3780.57 4702.76 48 0.606306 
1302.89 3619.91 1361.54 3714.71 48 0.871274 
2987.2 1529.09 3087.08 1600.9 48 0.824734 
3443.25 4720.56 3577.86 4796.48 48 0.353972 
1933.43 2597.92 2073.57 2673.66 48 0.965996 
2275.76 4208.93 2358.42 4341.18 48 0.724275 
3063.77 41.953 3117.53 108.028 48 0.594245 
3954.83 3268.75 4035.39 3313.2 48 0.967386 
745.824 3017.28 827.525 3120.3 48 0.867105 
2920.01 3862.78 2973.13 3938.76 48 0.918625 
1775.23 3181.25 1829.9 3257.52 48 0.506889 
2967.84 336.136 3026.68 426.32 48 0.908984 
3148.85 949.347 3258.89 1026.34 48 0.697348 
3020.29 350.879 3101.76 409.18 48 0.862902 
2215.19 4387.26 2270.1 4430.63 48 0.978241 
3387.6 957.913 3466.47 1015.96 48 0.965156 
3238.93 1169.42 3292.47 1224.15 48 0.976083 
1318.59 3503.78 1375.24 3575.76 48 0.939032 
3955.16 2952.38 4023.72 3011.81 48 0.903258 
166.962 3890.7 289.026 3975.43 48 0.938173 
564.978 3179.76 740.647 3323.47 48 0.585106 
2960.14 3872.23 3018.68 3942.15 48 0.861256 
3977.95 2571.42 4026.32 2602.3 48 0.926271 
3496.62 3265.46 3555.12 3318.04 48 0.982406 
2278.11 1934.83 2336.92 1995.62 48 0.94514 
604.718 3565.14 664.015 3624.44 48 0.876256 
453.89 4684.32 547.331 4781.97 48 0.831204 
3794.88 1.12204 3875.99 41.9771 48 0.451149 
1877.76 2751.08 1956.6 2804.44 48 0.875519 
3813.07 3672.3 3893.44 3776.86 48 0.81821 
3638.53 3279.81 3727.21 3353.6 48 0.500746 
2544.67 332.86 2603.22 412.419 48 0.619398 
2876.92 3167.56 2953.89 3187.48 48 0.643286 
2196.55 2315.32 2289.86 2381.01 48 0.949086 
2559.9 2346.58 2647.35 2430.69 48 0.888997 
2927.6 2106.54 3016.41 2204.19 48 0.609885 
781.58 4627.61 872.7 4724.33 48 0.730644 
1208.33 4678.11 1260.47 4753.18 48 0.850537 
1525.82 4267.68 1583.09 4347.69 48 0.890677 
1345.85 3642.48 1427.12 3727.12 48 0.635253 
2738.17 4060.42 2822.72 4155.09 48 0.531434 
3964.6 2515.3 4044.66 2561.98 48 0.81341 
3946.63 402.483 3996.75 433.104 48 0.535816 
3142.8 196.203 3197.76 259.831 48 0.632353 
3945.51 4206.24 4076.52 4312.54 48 0.430168 
1569.6 4287.23 1625.69 4376.61 48 0.824808 
1529.35 3041.75 1631.96 3185.94 48 0.455929 
2560.63 2912.29 2608.97 2965.14 48 0.932477 
1657.19 2126.52 1712.63 2186.6 48 0.97896 
1760.91 3715.14 1813.63 3781.49 48 0.96552 
1690.11 4058.92 1792.33 4125.8 48 0.965749 
3981.55 1652.83 4058.83 1701.01 48 0.911929 
3968.14 2884.65 4024.4 2944.81 48 0.971362 
3008.9 3298.6 3058.72 3347.29 48 0.97712 
3626.32 3468.38 3678.83 3530.05 48 0.939073 
3209.88 3866.24 3324.71 4013.39 48 0.647622 
3258.64 1093.3 3340.23 1154.96 48 0.663385 
2898.06 3215.88 2979.02 3289.28 48 0.692996 
3497.97 3155.57 3552.91 3187.06 48 0.509087 
1436.72 3780.93 1547.78 3859.07 48 0.954813 
1924.85 1986.89 2001.03 2038.08 48 0.767252 
3957.91 3433.23 4015.16 3484.17 48 0.968072 
0 796.019 74.7142 845.485 48 0.505644 
1098.59 3169.77 1179.47 3223.97 48 0.354245 
3959.86 2673.33 4003.68 2710.71 48 0.974388 
3838.45 2892.48 3913.59 2940.03 48 0.965509 
3848.85 1472.39 3904.54 1530.47 48 0.920406 
1512.78 3125.6 1635.4 3243.2 48 0.451833 
1814.96 3558.97 1939.3 3662.64 48 0.82595 
3949.6 251.462 3999.94 309.999 48 0.847941 
3054.17 403.732 3112.43 452.32 48 0.980341 
1752 2191.58 1805.04 2250.82 48 0.972694 
2447.79 3040.85 2489.7 3091.39 48 0.680376 
1646.65 4683.56 1770.67 4764.05 48 0.473559 
3188.84 334.192 3282.62 423.283 48 0.544135 
1703.48 2140.6 1758.27 2200.35 48 0.938355 
1643.95 3780.3 1826.32 3919.45 48 0.616695 
1216.18 3490.86 1274.78 3603.16 48 0.604546 
1532.08 3787.59 1628.73 3883.95 48 0.473462 
2491.01 4440.67 2603.77 4622.67 48 0.540368 
3591.78 257.887 3666.22 311.242 48 0.597074 
127.205 3892.75 182.659 3955.95 48 0.910371 
3962.03 2267.39 4031.41 2330.32 48 0.636417 
3504.86 735.694 3589.56 808.81 48 0.902289 
3643.1 3114.86 3753.94 3183.21 48 0.512518 
1683.49 4104.69 1794.05 4180.33 48 0.556058 
3642.48 3231.74 3726.5 3285.36 48 0.95237 
1096.82 3469.44 1231.91 3560.68 48 0.943092 
2696.34 4585.07 2781.59 4657.28 48 0.809576 
3434.19 4085.34 3488.34 4165.69 48 0.617458 
2825.91 4243.63 2862.42 4290.87 48 0.949647 
3810.27 3158.76 3907.36 3219.29 48 0.750123 
2859.55 3213.89 2911.72 3274.03 48 0.892607 
1923.09 2646.58 2040.83 2723.49 48 0.440993 
3974.67 2228.47 4051.44 2277.99 48 0.561823 
3953.65 3059.15 4007.65 3110.74 48 0.907936 
2121.19 3219.47 2222.03 3264.07 48 0.532776 
3579.76 357.78 3670.93 439.735 48 0.831011 
1935.78 3518.88 2038.57 3594.19 48 0.56619 
3622.48 2859.98 3729.86 3021.79 48 0.569821 
2645.26 3742.49 2722.43 3952.56 48 0.455568 
3713.82 2889.69 3766.33 2960.22 48 0.484196 
3177.75 780.72 3380.43 914.548 48 0.417164 
2249.99 4165.97 2303.17 4228.37 48 0.91467 
3960.9 3518.55 4028.2 3571.33 48 0.954799 
2894.68 2892.72 2971.89 2972.53 48 0.518626 
3484.28 3062.95 3562.89 3117.98 48 0.917544 
3975.96 1700.97 4030.53 1791.97 48 0.622334 
3948.95 3751.68 4028.2 3808.89 48 0.582049 
2133.18 2328.65 2177.7 2366.16 48 0.710358 
4025.89 1702.64 4079.15 1759.83 48 0.97657 
1154.22 3601.98 1208.75 3673.28 48 0.793067 
2494.56 1696.41 2554.31 1752.68 48 0.763224 
3985.13 1954.16 4040.82 2007.71 48 0.936762 
1860.1 2850.23 1926.89 2959.83 48 0.479681 
3976.59 2602.27 4030.78 2634.81 48 0.97414 
1799.22 3715.9 1857.47 3768.44 48 0.571285 
1104.52 3579.97 1173.24 3697.85 48 0.638237 
223.925 3436.25 309.559 3562.6 48 0.644323 
2260.66 2220.44 2356.88 2282.57 48 0.541435 
3953.26 3326.32 4035.95 3386.03 48 0.532146 
3025.91 825.004 3111.71 881.176 48 0.532138 
2183.3 2194.21 2239.68 2225.38 48 0.655973 
2586.57 4230.38 2637.64 4286.83 48 0.867234 
2014.95 2853.31 2072.87 2911.36 48 0.96786 
3184.89 504.756 3240.13 605.69 48 0.890485 
3978.3 1826.22 4046.56 1876.41 48 0.894743 
1631.26 2641.38 1669.22 2697.67 48 0.810543 
2234.36 3056.66 2282.59 3096.13 48 0.965674 
1584.99 3865.85 1621.66 3904.18 48 0.883727 
3301.41 3946.09 3347.15 4000.16 48 0.702595 
3982.84 1868.37 4038.67 1949.17 48 0.905156 
1372.32 3567.14 1432.23 3638.8 48 0.918879 
3542.79 397.821 3634.47 472.39 48 0.896813 
1308.72 3486.61 1434.27 3579.33 48 0.873519 
756.455 3063.52 815.656 3118.9 48 0.952954 
2894.97 837.936 2949.08 914.41 48 0.50164 
160.688 3961.1 218.67 4013.15 48 0.932435 
3513.75 404.382 3639.73 534.728 48 0.665104 
3239.76 1174.86 3264.34 1216.86 48 0.513284 
4027.54 2571.03 4079.54 2605.2 48 0.914382 
3415.31 3930.74 3551.99 4015.37 48 0.597763 
2710.37 2650.17 2766.46 2719.3 48 0.651669 
1911.66 3369.17 1982.46 3421.69 48 0.85683 
3640.06 3708.33 3744.79 3867.74 48 0.87887 
1325.61 3409.14 1445.65 3511.68 48 0.492021 
2706.4 4178.13 2760.76 4230.63 48 0.76303 
185.271 3804.77 255.971 3850.75 48 0.973666 
3956.06 2441.15 4024.73 2495.41 48 0.900471 
1706.55 4137.74 1788.18 4188.03 48 0.832671 
1681.22 2039.6 1765.02 2112.17 48 0.725134 
2112 3422.35 2231.73 3482.1 48 0.608854 
3406.44 3572.07 3454.65 3634.46 48 0.715638 
1802.54 2400.39 1960.76 2673.47 48 0.603481 
2238.43 2276 2329.44 2326.74 48 0.517277 
2705.59 2327.71 2761.75 2385.53 48 0.839768 
31.9041 4583.3 185.58 4686.17 48 0.964701 
3632.08 4094.27 3700.59 4202.54 48 0.499086 
713.469 3043.27 765.15 3111.44 48 0.599471 
2648.23 1669.87 2699.24 1699.89 48 0.523915 
2818.52 3972.24 2872.19 4036.87 48 0.968548 
1.25041 4092.33 54.6128 4156.86 48 0.876451 
2919.86 3792.85 2976.57 3878.84 48 0.790955 
3734.25 3104.66 3773.7 3142.62 48 0.827233 
3082.73 3279.3 3136.53 3354.89 48 0.54848 
214.402 2922.07 269.985 2987.39 48 0.848145 
240.996 3727.07 423.068 3863.71 48 0.42709 
3962.38 2268.24 4043.02 2332.04 50 0.38679 
2899.31 3216.15 2969.89 3291.21 50 0.529492 
436.362 3204.02 531.016 3309.74 50 0.401291 
1773.9 2688.64 1901.25 2792.05 51 0.964064 
436.904 3211.1 529.855 3308.05 51 0.784892 
1167.18 3266.96 1258.3 3380.77 51 0.990246 
1805.8 3314.53 1927.44 3419.36 51 0.615104 
3309.76 540.011 3438.76 628.635 51 0.84962 
2693.93 4470.61 2785.62 4590.98 51 0.923003 
2327.87 2722.75 2418.35 2835.51 51 0.958712 
257.803 3167.59 356.04 3277.5 51 0.996586 
3186.96 332.867 3262.74 421.869 51 0.910007 
2533.99 3297.24 2630.26 3400.89 51 0.993729 
1275.6 3275.07 1438.26 3405.26 51 0.659092 
2142.23 1714.76 2249.08 1828.27 51 0.992187 
578.676 3424.98 707.918 3526.61 51 0.953964 
2295.29 1761.11 2397.39 1847.62 51 0.690693 
2230.4 1734.1 2320.46 1856.79 51 0.995364 
2776.07 340.637 2897.6 439.491 51 0.968161 
2422.51 2916.79 2481.15 3012.16 51 0.971567 
1397.59 2618.25 1521.99 2718.27 51 0.930579 
3146.77 1233.42 3259.65 1318.74 51 0.845531 
3759.6 2888.05 3813.83 2960.28 51 0.97189 
2477.68 2891.46 2542.9 2965.24 51 0.796524 
3349.06 625.305 3461.97 740.828 51 0.989268 
1589.31 2685.36 1632.82 2744.56 51 0.920349 
1234.99 4684.12 1316.12 4795.72 51 0.730648 
2354.44 3905.14 2439.33 4037.51 51 0.80348 
330.252 3169.64 414.007 3254.46 51 0.991658 
2912.89 914.1 3000.11 982.285 51 0.836515 
1869.84 3909.86 1961.9 4017.72 51 0.888556 
666.148 4160.5 751.714 4295.19 51 0.989346 
2664.54 3553.22 2748.66 3668.82 51 0.97768 
1885.16 1775.74 1944.69 1864.05 51 0.959082 
3856.5 1579.16 3944.8 1630.54 51 0.952021 
3448.21 789.046 3598.91 914.666 51 0.969666 
1633.55 3186.51 1733.07 3267.85 51 0.861689 
1108.86 3574.5 1167.09 3698.81 51 0.453016 
1258.94 2772.84 1340.69 2884.68 51 0.822287 
592.149 4155.16 682.579 4282.6 51 0.846111 
2565.27 2007.32 2707.26 2142.77 51 0.793482 
3807.07 3154.3 3910.98 3220.57 51 0.754375 
1999.38 1761.65 2104.28 1861.47 51 0.996208 
1838.42 1775 1893.89 1864.27 51 0.925506 
2659.47 2889.28 2757.2 2991.01 51 0.994162 
1360.33 3171.6 1462.91 3220.95 51 0.991355 
3078.72 3278.84 3144.53 3354 51 0.606269 
724.052 3689.1 867.558 3806.53 51 0.922938 
737.809 3523.07 854.67 3636.16 51 0.705562 
3330.46 1051.52 3429.89 1132.28 51 0.987606 
2595.79 1775.79 2692 1846.16 51 0.872282 
3862.3 255.451 3955.77 342.73 51 0.703012 
559.79 3167.58 754.515 3324.26 51 0.400051 
2538.42 324.851 2619.95 419.46 51 0.678374 
3818.25 3018.11 3903.87 3117.32 51 0.84297 
2447.93 1749.95 2537.52 1856.65 51 0.990666 
3017.12 4498.42 3103.99 4613.47 51 0.906954 
2682.11 1562.24 2796.78 1629.94 51 0.994633 
328.196 3855.31 417.654 3959.5 51 0.941155 
3636.56 4094.68 3695.28 4200.76 51 0.890941 
3759.18 3104.18 3837.93 3176.35 51 0.986709 
3861.14 1633.92 3938.2 1657.05 51 0.805591 
2848.72 995.743 2953.22 1059.9 51 0.809468 
2537.74 2742.94 2621.69 2833.23 51 0.983898 
3249.59 4530.17 3381.3 4679.27 51 0.709379 
3280.03 4361.58 3333.51 4431.74 51 0.496362 
1795.96 3167.34 1897.45 3277.14 51 0.536374 
1981.09 3085.01 2091.93 3244.17 51 0.61299 
1682.09 2692.69 1783.8 2769.78 51 0.773394 
1967.63 3385.81 2058.45 3501.29 51 0.996123 
3623.51 2866.65 3728.78 3029.62 51 0.50521 
1301.02 4566.58 1429.08 4703.78 51 0.691525 
3173.28 1408.61 3247.17 1485.74 51 0.691011 
3180.56 1302.58 3292.45 1407.75 51 0.964044 
2893.55 1941.14 3019.84 2083.78 51 0.815497 
2408.08 1751.28 2464.77 1854.12 51 0.953695 
1648.03 2347.64 1759.26 2479.07 51 0.956888 
146.763 4111.96 198.356 4180.75 51 0.803591 
2641.66 3762.35 2726.99 3941.31 51 0.6442 
2307.71 4604.56 2394.51 4780.17 51 0.505116 
727.636 4173.2 816.435 4299.9 51 0.795405 
3313.28 4397.5 3380.85 4468.89 51 0.623198 
2636.82 1711.85 2732.77 1797.79 51 0.978442 
3713.02 3481.23 3768.07 3548.08 51 0.578893 
1543.7 4746.84 1621.98 4801.95 51 0.538089 
3383.65 4077.71 3437.03 4140.67 51 0.981369 
184.616 4085.09 272.365 4194.19 51 0.944197 
255.327 4257.52 363.786 4343.32 51 0.977682 
3444.42 319.722 3555.66 423.437 51 0.991274 
62.6944 3799.2 167.085 3889.43 51 0.93659 
1858.02 3822.72 1959.41 3931.25 51 0.569855 
1530.51 3791.74 1614.43 3880.03 51 0.566903 
2121 3217.67 2205.2 3334.92 51 0.831169 
1531.7 3051.3 1627.91 3163.43 51 0.946207 
1482.33 4102.37 1599.48 4227.21 51 0.83735 
1807.3 4139.59 2001.3 4287.22 51 0.905764 
0 3070.86 79.6169 3172.85 51 0.653231 
1204.04 3485.46 1286.3 3608.66 51 0.490371 
2627.87 429.918 2708.91 506.901 51 0.682718 
3713.24 4448.1 3765.43 4507.03 51 0.874617 
1651.02 2835.41 1748.27 2919.15 51 0.970565 
3762.41 3204.95 3814.13 3264.14 51 0.635145 
1850.36 2848.04 1934.26 2966.41 51 0.662056 
712.672 3053.15 764.805 3113.83 51 0.566729 
3524.92 4578.1 3591.01 4665.11 51 0.845218 
2812.47 3832.9 2877.32 3923.67 51 0.850134 
3817.43 3211.96 3903.24 3258.28 51 0.708076 
1178.93 3602.46 1269.89 3714.16 51 0.496643 
1342.26 3401.66 1433.92 3503.53 51 0.553373 
3488.06 4091.83 3541.68 4157.2 51 0.783431 
1737.27 3309.38 1823.47 3417.75 51 0.982948 
60.8525 3930.15 156.054 4011.87 51 0.771859 
3454.06 4712.81 3577.41 4799.95 51 0.90469 
1908.38 2470.22 2115.17 2593.94 51 0.421226 
1941.04 1927.72 2018.89 2001.53 51 0.755422 
992.973 3566.8 1125.93 3688.62 51 0.90547 
2664.2 4071.18 2720.42 4131.07 51 0.986115 
2869.63 3822.58 2929.26 3882.68 51 0.728517 
1348.27 3095.44 1476.43 3216.93 51 0.979923 
2416.57 3009.06 2468.39 3079.92 51 0.973361 
1596.04 2641.06 1631.09 2696.66 51 0.785015 
899.826 3339.53 985.422 3416.5 51 0.807191 
1916.27 3702.28 2025.74 3796.53 51 0.940426 
319.458 3606.54 377.891 3711.08 51 0.916053 
2488.47 4262.67 2577.99 4368.61 51 0.992662 
1760.44 2378.98 1849.94 2497.92 51 0.861356 
1093.91 3051.47 1202.2 3228.95 51 0.959271 
2101.04 2977.84 2218.12 3073.07 51 0.681021 
1717.17 3175.55 1785.12 3251.64 51 0.978738 
2066.29 3641.04 2183.53 3823.38 51 0.899054 
545.239 3497.43 631.073 3582.91 51 0.95905 
1214.67 3088.39 1323.55 3205.69 51 0.989539 
1563.37 4277.36 1626.74 4383.22 51 0.716397 
3871.42 1652.63 3946.51 1715.54 51 0.599238 
2493.99 4433.12 2601.73 4615.83 51 0.574635 
1591.45 2737.85 1632.96 2788.9 51 0.8125 
2943.16 4318.25 2999.06 4378.81 51 0.840535 
2485.29 1696.39 2563.17 1753.11 51 0.673828 
3221.06 242.943 3265.27 321.618 51 0.651095 
3201.3 920.456 3286.7 972.687 51 0.866839 
596.671 3658.23 706.988 3781.87 51 0.804189 
3008.4 4666.96 3160.06 4780.21 51 0.571621 
2438.71 4437.94 2527.17 4512.58 51 0.938315 
1451.27 4534.45 1564.29 4673.64 51 0.889209 
1836.29 2399.46 1954.8 2687.3 51 0.441352 
277.784 4330.09 369.43 4412.63 51 0.836897 
791.271 4155.16 881.722 4332.24 51 0.882339 
2539.58 3777.31 2637.73 3911.9 51 0.590671 
3000.7 195.408 3089.41 310.085 51 0.987137 
3643.74 3108.27 3756.86 3186.6 51 0.588487 
2765.2 4279.28 2859.12 4383.1 51 0.968913 
1778.49 3397.66 1911.56 3492.44 51 0.937734 
1670.43 4626.64 1793 4724.08 51 0.769914 
1766.24 3176.22 1837.69 3260.7 51 0.678103 
3941.19 250.433 4008.04 314.331 51 0.484274 
1646.63 4672.69 1771.34 4761.16 51 0.391725 
281.47 3922.26 399.222 4039.11 51 0.985733 
3433.46 4092.3 3488.42 4167.84 51 0.428854 
728.42 4416.53 819.249 4487.95 51 0.684158 
3338.52 987.174 3438.8 1083.83 51 0.895555 
2471.64 2195.78 2574.1 2261.95 51 0.628076 
1295.12 3622.7 1362.92 3713.58 51 0.494666 
269.469 3597.27 327.285 3691.69 51 0.63205 
1604.44 2592.94 1631.36 2646.6 51 0.944762 
1691.3 3468.84 1772.6 3561.87 51 0.426621 
784.937 4632.24 866.679 4729.57 51 0.584492 
872.244 4496.05 927.755 4568.83 51 0.985997 
2711.41 3841.2 2769.07 3924.86 51 0.979208 
3878.55 1423.3 3962.35 1491.05 51 0.643254 
3943.46 4199.83 4078.64 4307.2 51 0.542136 
2059.21 2247.14 2132.01 2326.57 51 0.853506 
3726.78 4103.34 3814.82 4241.05 51 0.960502 
2683.49 437.266 2798.96 547.016 51 0.676963 
1896.76 3366.85 1983.92 3474.12 51 0.710244 
3882.6 598.981 4009.66 702.801 51 0.93365 
2666.64 2553.74 2751.72 2623.41 51 0.538283 
626.85 1747.93 739.508 1925.16 51 0.90017 
1918.68 1643.94 2008.49 1772.25 51 0.915808 
1977.43 3837.63 2158.12 3979.5 51 0.897049 
2266.65 3179.99 2349.61 3356.1 51 0.916791 
1518.25 4267.58 1588.13 4356.11 51 0.628061 
1707.32 2355.39 1788.93 2470.06 51 0.96737 
2709.27 2023.75 2880.12 2215.71 51 0.96051 
2519.99 412.985 2608.49 503.913 51 0.73755 
1737.88 2822.49 1824.09 2928.84 51 0.97995 
3575.09 4582.47 3665.1 4673.26 51 0.972558 
3785.14 0.25395 3873.15 42.3037 51 0.493705 
1634.79 3056.49 1696.85 3160.77 51 0.977347 
3041.56 3154.06 3124.57 3235.56 51 0.901916 
2138.92 4229.26 2251.88 4308.11 51 0.595842 
1962.26 2979.07 2062.31 3062.63 51 0.983383 
1730.85 1742.69 1845.45 1850.65 51 0.988863 
2359.84 4416.25 2426.77 4496.91 51 0.726413 
2364.33 2912.89 2446.17 2998.01 51 0.446984 
3288.94 4060.24 3339.95 4122.85 51 0.990374 
930.713 1968.41 1076.98 2151.42 51 0.557264 
1801.36 3608.49 1934.74 3743.78 51 0.695185 
2997.03 4016.07 3063.27 4094.75 51 0.577942 
2636.76 1944.27 2788.48 2059.54 53 0.63157 
1507.57 3181.58 1620.45 3258.36 53 0.321508 
3687.79 3813.8 3872.07 3921.3 53 0.356237 
3635.81 3171.97 3717.08 3244.74 55 0.764174 
3495.01 3167.98 3555.41 3192.61 55 0.996402 
3496.1 3184.72 3536.54 3228.1 55 0.9966 
1791.85 4692.06 1850.01 4720.96 55 0.943375 
3841.94 3996.57 3883.98 4024.52 55 0.996232 
164.093 960.418 208.298 1007.47 55 0.485059 
902.402 4167.73 995.307 4295.78 55 0.600596 
942.406 4616.5 1090.62 4804.84 55 0.360939 
1362.41 3563.88 1437.28 3634.36 55 0.497252 
3839.66 4008.36 3887.99 4041.34 55 0.995287 
4114.51 1247.45 4166.54 1339.04 55 0.71406 
1162.29 4764.84 1214.56 4800.89 55 0.970244 
67.9887 4738.55 78.9097 4753.87 55 0.753563 
1138 4676.72 1220.53 4773.22 55 0.819522 
2996.45 3228.2 3064.95 3293.48 55 0.692122 
105.255 1066.8 121.572 1097.5 55 0.541292 
48.9929 4736.78 67.3203 4757.32 55 0.821925 
1064.49 4661.11 1150.83 4772.72 55 0.765113 
1095.3 3167.8 1177.52 3222.91 55 0.921268 
176.62 835.025 227.06 863.739 55 0.745594 
3489.96 3223.3 3574.34 3264.9 55 0.898631 
1918.82 2585.49 2076.72 2682.48 56 0.367197 
218.256 891.229 245.968 944.135 57 0.739551 
1610.46 4759.16 1632.81 4799.29 59 0.793057 
