1601.97 4277.28 1625 4294.4 4 0.507426 
278.809 4641.95 301.891 4659.38 4 0.539834 
840.097 2216.76 861.713 2234.94 4 0.761061 
4765.88 4726.14 4782.09 4735.76 4 0.890759 
3199.95 3494.02 3223.46 3511.62 4 0.620307 
1150.45 2641.7 1172.52 2660.5 4 0.950324 
317.313 4090.32 342.326 4106.58 4 0.455102 
842.835 3677.74 864.798 3694.53 4 0.458924 
1587.76 2223.18 1608.52 2245.23 4 0.904295 
3522.05 3557.2 3546.37 3574.68 5 0.420593 
1908.1 4609.87 1924.62 4635.15 5 0.859418 
2153.86 1874.7 2178.19 1892.25 5 0.435789 
2429.46 2451.18 2454.54 2469.72 5 0.710546 
920.256 4644.32 945.111 4661.66 5 0.459408 
1560.22 4270.35 1583.44 4286.76 5 0.562968 
192.774 2938.31 210.342 2960.18 5 0.836335 
844.83 3681.06 862.991 3691.47 5 0.459225 
1066.48 4197.79 1089.73 4214.82 5 0.616818 
899.47 4063.97 914.015 4090.62 5 0.634127 
819.904 4616.88 841.026 4634.66 5 0.621287 
3602.79 3063.23 3634.78 3085.52 5 0.430336 
4749.93 4404.1 4759.59 4419.49 5 0.512905 
269.09 4599.54 301.059 4629.07 5 0.402999 
2112.28 3168.26 2131.61 3176.33 5 0.480875 
1517.92 3786.14 1535.37 3795.9 5 0.836215 
1612.65 3252.94 1631.4 3264.28 5 0.522974 
46.9592 2882.14 77.9479 2946.13 6 0.746167 
2969.7 2943.04 2990.65 2981.28 6 0.484291 
1683.65 2292.38 1733.81 2322.49 6 0.888966 
0.191226 3014.81 20.496 3038.5 6 0.475691 
1956.67 3843.28 1981.44 3860.94 6 0.685481 
2186.53 2556.99 2209.75 2590.34 6 0.734627 
3994.27 52.5806 4021.54 82.7985 6 0.342674 
159.768 2985.22 182.179 3004.98 8 0.783603 
151.966 2958.29 178.999 2983.75 8 0.695461 
2004.72 3696.78 2032.94 3721.3 8 0.586185 
1598.54 3292.39 1628.36 3313.06 8 0.460777 
3922.75 2157.19 3945.83 2188.74 8 0.377225 
1493.42 4688.98 1517.63 4706.04 8 0.416516 
865.667 3680.69 888.32 3697.91 8 0.68932 
3519.12 3556.08 3548.52 3575.91 8 0.308058 
4793.37 4486.98 4800.22 4500.75 8 0.572616 
1586.01 3790.56 1610.65 3807.68 8 0.3747 
170.753 854.745 218.661 879.376 9 0.549398 
2539.3 3398.45 2630.72 3439.01 9 0.380254 
1601.17 3294.15 1626.49 3311.25 9 0.349851 
172.208 837.419 220.591 863.8 9 0.631445 
3925.69 2158.92 3943.05 2187.11 9 0.445816 
106.705 1084 130.686 1112.42 9 0.372554 
190.984 1093.57 220.829 1123.56 9 0.878102 
1606.3 3257.9 1631.28 3283.94 9 0.54255 
143 967.04 170.237 1005.82 9 0.798353 
2574.4 1891.63 2606.37 1912.29 9 0.40553 
2435.49 2228.8 2462.36 2254.72 9 0.432077 
2427.96 2445.15 2453.39 2474.5 9 0.453838 
213.265 4051.89 240.761 4068 9 0.358945 
630.304 3056.4 661.407 3083.49 9 0.607386 
348.073 4623.36 394.881 4648.06 9 0.365459 
173.55 857.27 216.725 877.399 10 0.39297 
952.501 3959.07 983.823 3984.9 10 0.643402 
107.505 789.616 135.524 825.487 10 0.403518 
946.77 3990.26 978.344 4019.77 10 0.495232 
207.835 1058.42 244.654 1080.42 10 0.422507 
3050.75 2078.65 3102.48 2109.38 10 0.638377 
901.236 4009.75 927.821 4041.41 10 0.42264 
403.202 3100.14 435.409 3119.38 10 0.469497 
3045.93 2061.4 3094.43 2093.5 10 0.681516 
936.004 4083.83 964.902 4112.4 10 0.847652 
1839.38 1879.85 1866.65 1906.29 10 0.497679 
1438.07 4251.64 1462.86 4268.53 10 0.403118 
144.347 970.815 167.955 1004.51 10 0.42943 
2077.9 3191.38 2095.19 3218.14 10 0.300562 
3054.98 2142.66 3082.99 2170.3 10 0.416944 
2437 2225.92 2461.99 2257.32 10 0.33847 
3851.26 3815.69 3881.2 3874.24 10 0.644099 
1798.47 4699.78 1855.74 4728.44 11 0.433979 
238.04 3066.76 277.967 3087.42 11 0.654305 
129.449 1096.72 153.301 1129.84 12 0.850549 
109.745 1071.61 132.389 1110.08 12 0.946217 
172.921 878.5 208.073 900.417 12 0.628005 
57.6564 1079.41 74.172 1105.34 12 0.608777 
193.399 1092.39 218.808 1124.41 12 0.415527 
205.155 2964.11 224.156 2991.8 12 0.661917 
1600.97 2156.09 1626.69 2187.6 12 0.481181 
4033.79 833.723 4058.26 866.189 12 0.331136 
173.468 907.805 230.855 935.919 13 0.995967 
56.5989 2976.79 84.5448 3036.51 13 0.792999 
41.4074 2973.47 67.5221 3031.76 13 0.535617 
25.6565 2966.77 51.8362 3024.36 13 0.575606 
168.973 979.251 208.93 1001.12 13 0.874265 
3909.88 3218.12 3934.44 3260.38 13 0.447054 
162.442 962.586 197.17 984.794 13 0.897118 
901.377 3993.65 930.635 4043.2 14 0.73182 
2541.22 3395.07 2634.61 3442.82 14 0.301559 
55.4799 955.385 91.2027 1015.82 14 0.575236 
1343.05 3257.19 1369.73 3263.8 15 0.446866 
1827.03 4791.29 1845.98 4799.24 15 0.340448 
2040.6 2210.75 2126.91 2293.88 23 0.421693 
2512.63 3946.31 2596.05 4079.52 23 0.448877 
1838.62 4318.27 1975.26 4407.12 23 0.846695 
3169.73 4014.09 3650.93 4594.47 23 0.368198 
2760.07 196.723 3286.98 795.569 23 0.381967 
16.1531 3534.19 471.731 4113.56 23 0.542488 
3768.48 2637.49 4265.66 3218 23 0.365992 
3542.44 3870.95 4043.11 4480.55 23 0.390041 
2648.05 677.36 3146.6 1274.1 23 0.384084 
1416.49 3944.84 1519.86 4028.66 23 0.462661 
2542.95 3523.35 3060.46 4124.02 23 0.38285 
408.203 4125.21 906.057 4738.8 23 0.413375 
3162.63 1045.17 3262.04 1170.72 23 0.920895 
1989.69 4262.25 2524.31 4857.97 23 0.331113 
3032.54 792.844 3118.44 848.218 23 0.618775 
2534.67 2209.38 3004.47 2814.07 23 0.333605 
2363.97 1922.54 2856.15 2525.86 23 0.415053 
3169.55 968.021 3269.78 1036.99 23 0.880751 
2119.48 3171.8 2222.82 3247.5 23 0.415787 
1623.77 2662.14 2064.21 3257 23 0.324731 
3261.15 102.552 3749.86 696.07 23 0.316758 
3174.33 487.748 3588.6 1078.39 23 0.395285 
3204.03 3500.81 3620 4081.77 23 0.450591 
3200.08 2856.31 3614.13 3244.23 23 0.520566 
2452.85 3818.22 2960.69 4405.56 23 0.471636 
210.531 3200.6 719.853 3807.82 23 0.496243 
3531.92 3167.5 3990.4 3774.72 23 0.353658 
3049.35 2078.74 3101.64 2108.32 24 0.510519 
3044.98 2063.87 3092.52 2091.11 24 0.614894 
510.648 4554.98 534.793 4571.73 24 0.853578 
44.643 3193.41 72.7258 3225.24 24 0.54969 
64.9584 4775.23 73.4924 4787.55 24 0.446512 
3910.08 3215.21 3935.17 3272.83 24 0.543057 
77.9142 4775.29 86.5951 4787.78 24 0.632529 
86.2746 4775.84 94.8388 4788.44 24 0.571479 
70.0953 4775.37 78.427 4787.48 24 0.503015 
15.1746 4775.54 24.7802 4788.47 25 0.627442 
7.78397 4775.34 16.8609 4787.61 25 0.531403 
22.0934 4775.51 31.5091 4788.16 25 0.524005 
1063.6 3168.41 1107.72 3188.18 28 0.555522 
3641.41 3053.14 3738.87 3126.82 29 0.837567 
1646.91 2815.17 2038.91 3233.8 29 0.511066 
2607.75 105.414 2824.19 239.816 29 0.528212 
1429.47 3838.3 1547.49 3940.09 29 0.584399 
0 3102.53 87.7415 3179.7 30 0.885488 
0 3244.44 51.0709 3263.59 30 0.959089 
1.50951 3219.38 49.3072 3260.16 30 0.977971 
2124.12 3169.76 2217.44 3241.2 30 0.502675 
1347.3 3629.77 1430.32 3726.07 30 0.431279 
1647.15 3794.65 1832.6 3926.24 30 0.9438 
2511.53 3951.02 2596.72 4084.78 30 0.506168 
0 3179.07 53.6362 3237.34 30 0.977973 
2556.44 3962.18 3102.3 4448.12 31 0.550222 
3158.96 982.458 3715.11 1479.04 31 0.425125 
2579.38 3546.03 3143.77 4032.3 31 0.33247 
2705.35 215.746 3272.96 708.369 31 0.66263 
2026.99 4222.4 2606.8 4704.24 31 0.665759 
145.791 1994.56 715.08 2511.3 31 0.45598 
3497.95 5.59651 4081.3 472.168 31 0.312811 
994.556 2262.76 1595.45 2755.47 31 0.310447 
568.778 4170.25 1120.4 4622.9 31 0.6077 
3696.63 4077.64 4266.37 4588.48 31 0.64403 
2351.43 2781.76 2922.97 3260.37 31 0.7502 
3669.96 2729.88 4229.97 3248.35 31 0.937061 
3378.49 3995.57 3947.9 4482.27 31 0.307354 
2652.05 3771.58 3196.11 4258.86 31 0.682441 
2425.08 2208.12 2975.99 2682.32 31 0.61733 
3209.94 631.253 3793.34 1127.5 31 0.778105 
336.139 2577.49 908.689 3081.93 31 0.783396 
2189.41 1146.2 2765.68 1634.17 31 0.759935 
2717.73 699.76 3259.43 1184.53 31 0.686014 
364.078 2323.69 943.506 2822.78 31 0.327103 
3154.85 3900.7 3717.7 4387.23 31 0.532824 
380.05 3186.97 925.556 3689.33 31 0.466262 
1617.43 1917.06 2185.04 2400.41 31 0.3553 
12.527 1834.6 592.753 2351.84 31 0.457492 
94.6102 3494.77 632.343 3958.4 31 0.508135 
518.94 2714.76 1108.98 3203.05 31 0.341231 
1839.38 4320.57 2411.26 4795.78 31 0.435139 
354.444 4255.5 885.949 4733.94 31 0.636518 
2013.22 3892.37 2557.01 4392.3 31 0.646621 
256.196 4005.76 791.54 4474.55 31 0.365228 
2298.53 2033.92 2848.6 2476.1 31 0.764544 
219.204 3328.77 765.455 3805.89 31 0.328809 
3920.9 4134.78 4492.27 4659.03 31 0.35181 
2035.35 3366.88 2598.3 3827.38 31 0.666375 
2255.06 3964.22 2827.05 4448.1 31 0.39938 
2563.82 4171.62 3092.89 4688.09 31 0.667529 
1005.27 1662.52 1583.54 2139.56 31 0.300699 
1839.11 2009.21 2411.64 2500.38 31 0.55762 
3759.31 2551.81 4332.58 3046.49 31 0.464027 
2185.9 2324.88 2770.02 2825.36 31 0.328561 
57.5767 4067.21 610.709 4540.57 31 0.409499 
877.751 3445.82 1455.61 3944.72 31 0.443919 
403.914 3485.43 966.225 3969.45 31 0.47256 
3453.81 3220.12 3997.02 3720.42 31 0.756608 
3821.57 3919.91 4398.57 4428.72 31 0.412041 
1937.67 2514.25 2505.41 3021.16 31 0.788386 
3178.52 144.856 3761.01 650.473 31 0.400546 
2057.94 2785.39 2641.18 3259 31 0.528026 
0 3868.5 556.679 4356.91 31 0.500162 
2511.47 130.466 3083.75 602.964 31 0.355301 
2067.89 3163.18 2630.52 3652.85 31 0.380652 
2387.74 2522.67 2950.12 3009.71 31 0.595909 
53.5833 3687.42 610.912 4150.16 31 0.532284 
2707.21 1151.56 3272.7 1629.9 31 0.53811 
2447.12 1912.49 3018.34 2406.2 31 0.345148 
1015.31 3176.19 1569.78 3637.8 31 0.373477 
3169.32 3539.75 3704.54 4040.67 31 0.596047 
1742.19 2410.49 2318.56 2867.89 31 0.416565 
1803.67 3258.27 2383.39 3747.09 31 0.690535 
1810.64 3838.37 2375.35 4320.76 31 0.323261 
3726.15 400.817 4303.37 907.703 31 0.533722 
3797.58 2310.65 4240.95 2902.99 31 0.319077 
2264.32 3453.5 2817.25 3936.63 31 0.460197 
3918.67 3163.15 4495 3649.37 31 0.320021 
3784.79 3472.15 4372.55 3978.59 31 0.305271 
3328.34 394.621 3932.73 914.831 31 0.409783 
502.873 3684.21 1057.45 4155.43 31 0.367504 
1658.19 1639.25 2208.9 2103.48 31 0.444329 
118.032 3174.81 676.953 3636.68 31 0.364238 
463.046 3955.04 1034.25 4463.13 31 0.346116 
3801.2 1666.64 4236.35 2266.34 31 0.349649 
1601.87 1135.12 2203.74 1645.99 31 0.307882 
1775.03 1793.09 2348.1 2270.22 31 0.625316 
36.2514 1147.82 632.841 1634.63 31 0.298785 
3805.11 3168.18 3914.68 3239.02 34 0.463122 
1533.13 3791.55 1628.6 3880.42 34 0.368509 
0 2704.6 40.6172 2788.3 34 0.664099 
3167.21 969.96 3262.83 1035.46 34 0.644079 
1816.91 3332.87 1933.91 3426.97 34 0.955807 
2676.3 4775.04 2711.74 4798.15 39 0.474864 
3903.41 2279.64 3945.22 2320.6 39 0.48818 
627.221 3059.4 662.813 3080.9 39 0.550736 
3900.71 2277.9 3949.01 2320.22 41 0.686009 
1266.61 2270.12 1311.85 2315.61 41 0.995509 
4780.07 2041.37 4801.08 2079.69 41 0.87993 
1594.42 2399.36 1631.45 2423.92 41 0.527577 
3389.99 3498.05 3412.33 3518.71 41 0.526971 
4776.92 3842.7 4800.87 3879.26 41 0.984798 
3947.07 1606.72 3964.78 1631.6 41 0.4412 
3904.48 2266.02 3944 2301.43 42 0.470133 
1606.29 2281.19 1631.84 2311.85 42 0.769802 
3407.55 3493.43 3447.4 3528.53 42 0.725781 
170.47 877.339 210.836 901.538 42 0.800015 
1597.8 2157.53 1628.91 2188.78 42 0.428035 
1679.33 1623.68 1703.63 1631.48 42 0.701137 
3386.39 3491.57 3415.86 3523.14 42 0.578254 
1586.38 2161.83 1622.52 2199.81 42 0.873471 
1851.1 4790.31 1870.36 4799.3 42 0.353001 
1850.85 4777.65 1884.43 4800.16 42 0.533848 
1836.61 1883.53 1868.02 1903.24 44 0.625523 
208.518 1053.55 246.241 1083.95 44 0.907205 
3939.52 2701.95 3968.25 2748.83 44 0.940487 
3905.12 2271.58 3942.06 2295.55 44 0.572078 
1631.43 4704.27 1651.91 4727.1 44 0.996833 
70.8906 867.813 94.9783 889.37 44 0.616215 
0 3807.06 8.45805 3832.86 44 0.992339 
2.29549 3706.16 23.7791 3741.04 44 0.341022 
351.742 4627.06 392.3 4646.97 44 0.443533 
2626.7 0 2646.49 22.7725 44 0.948801 
4777.66 2479.78 4799.73 2502.59 44 0.887157 
1631.4 3170.51 1651.83 3191.27 44 0.802849 
3938.41 3535.15 3976.38 3560.23 44 0.688206 
351.438 4644.2 378.027 4677.19 44 0.315127 
16.2204 3856.84 40.3111 3890.77 44 0.948208 
214.873 1040.16 248.616 1066.05 44 0.946065 
174.714 833.35 219.637 868.194 44 0.357898 
19.9175 783.58 55.1666 808.609 47 0.786795 
1.82933 777.202 20.4689 798.691 47 0.620417 
2298.73 1763.63 2394.08 1865.11 48 0.771568 
3880.47 1420.06 3970 1498.85 48 0.992087 
1437 3775.97 1548.72 3861.15 48 0.8812 
3494.72 4461.03 3550.92 4523.66 48 0.988121 
3627.01 2998.83 3723.61 3073.77 48 0.920604 
3859.29 1590.79 3941.65 1630.26 48 0.731817 
1348.4 3636.26 1429.49 3729.43 48 0.420789 
4.97933 3095.92 85.2606 3184.76 48 0.586201 
8.99452 871.187 111.136 977.806 48 0.946264 
2124.2 3167.46 2217.99 3238.36 48 0.442286 
1309.28 3502.13 1387.57 3592.17 48 0.602911 
2276.27 2171.7 2405.56 2249.25 48 0.973073 
3620.49 2881.06 3730.94 3012.91 48 0.951225 
3853.57 1481.72 3910.4 1532.19 48 0.95977 
1631.34 2651.73 1675.84 2714.57 48 0.867925 
2068 3649.11 2194.61 3831.03 48 0.912284 
0 796.073 74.2956 842.819 48 0.959017 
3607.24 4386.58 3694.16 4450.57 48 0.628935 
1302.15 3653.4 1358.38 3715.4 48 0.930791 
3501.54 4318.89 3582.22 4376.51 48 0.883678 
1858.86 3838.91 1961.43 3931.04 48 0.989063 
3903.04 1375.72 3960.01 1432.31 48 0.985328 
3018.92 4519.12 3102.12 4608.88 48 0.840753 
582.449 3160.2 737.696 3263.34 48 0.813451 
1595.63 2700.81 1632.02 2760.23 48 0.855256 
3803.74 3150.54 3914.3 3229.8 48 0.441557 
3893.37 1484.22 3952.87 1550.47 48 0.991258 
3956.19 3472.12 4038.74 3530.25 48 0.883656 
726.416 2058.89 850.724 2203.67 48 0.776815 
2616.3 98.0407 2809.19 238.595 48 0.800216 
2909.27 1973.37 3019.96 2097.85 48 0.510778 
3971.31 1641.35 4054.98 1697.08 48 0.974038 
3828.45 1606.36 3871.53 1631.47 48 0.675413 
3639.35 3052.92 3743.81 3127.51 48 0.865325 
448.833 3221.16 521.605 3263.72 48 0.666354 
0 3557.13 23.5892 3667.95 48 0.383659 
3.72584 2901.62 52.8652 3026.26 48 0.800833 
3634.22 4244.01 3734.69 4325.61 48 0.495718 
1862.8 3743.29 1920.24 3799.91 48 0.837844 
190.233 782.724 234.728 820.08 48 0.571541 
3490.24 4507.74 3539.47 4536.64 48 0.690904 
3522.68 4410.42 3573.05 4443.57 48 0.609495 
208.615 2925.55 283.529 2997.47 48 0.33259 
3156.66 1258.82 3263.11 1335.11 48 0.817281 
2179.23 3224.3 2226.24 3263.42 48 0.87366 
3080.67 4776.78 3117.12 4799.56 48 0.913494 
0 2693.32 47.6202 2792.25 48 0.327615 
1603.48 2655.07 1631.27 2711.5 48 0.48625 
3953.16 3874.44 4055.03 3953.58 48 0.756608 
3482.44 4383.34 3531.05 4440.15 48 0.740563 
3988.34 1632.97 4066.91 1643.69 48 0.454193 
1639.65 3789.93 1836.18 3934.74 48 0.362463 
2585.46 3956.29 3136.64 4453.41 49 0.415437 
3156.06 1015.38 3718.72 1508.74 49 0.424452 
2572.94 3513.71 3150.54 4002.45 49 0.352983 
1067.88 1643.03 1647.24 2099.62 49 0.367881 
209.88 4172.75 777.545 4686.56 49 0.348356 
3886.25 3162.22 4463.34 3650.41 49 0.335631 
4461.75 3208.57 4486.64 3237.52 50 0.657418 
2508.1 3519.88 3087.04 3996.9 51 0.347004 
80.5493 1903.57 652.846 2409.84 51 0.307871 
1068.39 1660.84 1646.54 2142.97 51 0.305403 
484.177 2713.33 1079.71 3204.89 51 0.299731 
1066.03 12.0335 1650.32 464.198 51 0.4073 
3376.19 3930.95 3949.46 4420.67 51 0.347768 
3890.8 4003.38 4457.47 4535.23 51 0.348321 
2739.09 282.14 3303.42 770.937 51 0.337385 
3790.33 2599.72 4366.37 3123.74 51 0.362845 
381.813 3216.59 924.945 3724.05 51 0.420018 
181.233 4150.68 742.103 4642.72 51 0.346184 
425.791 2331.14 1009.37 2815.55 51 0.299407 
3665.63 4141.7 4234.7 4654.07 51 0.420364 
857.192 3228.5 1409.93 3713.12 51 0.618594 
1085.09 1994.63 1192.02 2157.76 51 0.63103 
620.29 1672.86 1200.33 2197.23 51 0.336296 
4045.6 4278.08 4623.69 4773.24 51 0.358293 
2197.21 3894.44 2758.28 4391.7 51 0.332198 
441.663 3684.83 991.017 4154.47 51 0.32579 
1775.11 2405.78 2348.83 2872.19 51 0.319014 
1907.31 3944.42 2473.15 4469.2 51 0.349716 
2391.42 1882.98 2946.07 2373.1 51 0.304215 
2009.35 3767.12 2561.25 4264.72 51 0.386412 
2065.81 2448.73 2632.96 2895.73 51 0.304599 
1924.36 1164.61 2521.92 1616.76 51 0.315106 
720.409 4029.21 1290.27 4516.68 51 0.298994 
2454.09 2778.96 3011.9 3265.12 51 0.33627 
51.9496 3915.98 615.808 4372.53 51 0.431699 
786.945 4207.39 1352.17 4719.1 51 0.471128 
820.563 3635.66 1384.84 4138.19 51 0.57492 
1044.46 201.021 1607.6 722.145 51 0.410496 
2534.51 763.959 3127.67 1247.1 51 0.332217 
3307.4 695.325 3888.55 1189.68 51 0.366682 
200.617 2544.78 789.253 3049.32 51 0.398602 
2538.12 1657.82 3122.31 2149.43 51 0.308246 
3492.58 0 4087.73 416.597 51 0.323775 
1873.88 1889.21 2441.59 2366.28 51 0.415094 
3375.49 3677.81 3947.16 4160.72 51 0.672485 
3758.09 4309.02 4334.82 4806.58 51 0.475007 
1908.28 3316.25 2470.82 3819.96 51 0.330915 
3945.82 3158.85 4531.27 3653.81 51 0.337032 
2692.05 16.4929 3288.93 463.048 51 0.335136 
3731.36 331.017 4296.57 848.331 51 0.379935 
3813.7 3434.83 4407.38 3953.99 51 0.351202 
2039.6 3163.65 2595.23 3653.19 51 0.314896 
1432.25 3832.82 1551.87 3949.96 51 0.64468 
866.77 348.72 1466.33 831.087 51 0.370491 
3240.13 4565.41 3264.06 4706.31 51 0.603542 
1070 14.9687 1646.84 523.58 52 0.344322 
363.567 2667.62 947.05 3186.02 52 0.770799 
3369.76 4052.49 3959.76 4554.17 52 0.49006 
3756.33 4196.68 4336.37 4727.5 52 0.309234 
3814.82 3359.59 4283.38 3967.33 52 0.371778 
205.309 1939.39 782.624 2440.57 52 0.372102 
1898.3 3884.87 2482.67 4400.9 52 0.493425 
2466.81 3461.62 3067.01 3930.81 52 0.303658 
3531.51 80.7034 4114.2 586.136 52 0.372162 
4007.27 4171.77 4597.51 4688.61 52 0.32014 
10.5061 2028.1 595.548 2543.56 52 0.542956 
995.25 2322.94 1594.84 2823.75 52 0.320698 
933.75 1661.36 1527.83 2141.18 52 0.327093 
1670.97 2097.98 2264.48 2601.49 52 0.349284 
1929.33 1105.45 2517.13 1613.49 52 0.354688 
3786.44 3190.4 4371.23 3688.12 52 0.389605 
935.309 3502.38 1524.71 4015.24 53 0.329084 
215.677 1040.81 254.826 1063.41 55 0.49819 
3778.02 3707.99 3819.55 3741.78 55 0.353085 
1596.71 2654.61 1631.72 2712.05 55 0.325874 
3907.14 3214.33 3936.35 3262.22 57 0.885215 
3265.41 2826.27 3303.47 2865.73 57 0.396606 
1608.43 1143.23 1632.79 1203.22 59 0.69609 
