343.064 0 351.151 8.81185 5 0.414332 
270.133 251.351 343.032 301.493 48 0.642565 
225.466 133.32 300.825 213.699 48 0.748239 
289.172 46.9745 390.221 151.164 48 0.576449 
271.107 55.876 308.255 96.055 48 0.985987 
425.358 7.21603 514.521 87.9657 51 0.889202 
205.162 81.8052 284.278 152.852 51 0.800036 
218.613 129.229 301.686 200.547 51 0.885933 
266.461 251.333 338.018 302.655 51 0.520702 
388.838 22.8239 447.793 96.9686 51 0.848736 
351.529 232.745 391.076 272.658 51 0.682415 
195.758 0.68301 259.048 24.7662 51 0.606739 
205.737 42.7368 227.979 62.1495 55 0.315584 
