120.197 0 247.462 80.9727 48 0.681726 
202.423 114.229 289.893 191.843 48 0.587724 
284.03 53.5063 399.648 171.896 48 0.549794 
263.777 84.6146 304.652 128.006 48 0.966166 
292.866 263.45 362.521 329.498 48 0.851208 
232.795 166.148 317.322 248.988 51 0.466295 
122.758 2.28342 239.178 86.4043 51 0.610986 
407.417 11.0317 529.193 91.739 51 0.540874 
204.048 119.963 300.039 193.443 51 0.659724 
272.455 43.8708 423.839 188.919 51 0.500877 
452.791 73.1234 520.254 134.513 51 0.565318 
369.761 246.81 411.272 286.76 51 0.743508 
293.754 275.132 361.969 321.271 51 0.381033 
