222.046 142.915 233.93 158.549 8 0.493477 
196.265 124.504 217.395 145.653 8 0.538589 
110.245 15.8565 234.575 135.413 48 0.892455 
266.596 118.626 303.535 153.602 48 0.984075 
252.676 201.49 333.084 270.889 48 0.832249 
264.4 169.423 303.171 207.97 48 0.971093 
215.467 161.391 306.477 230.896 48 0.620666 
264.211 113.095 286.246 134.783 48 0.949709 
249.076 191.654 332.948 265.598 51 0.571394 
223.823 156.644 318.929 254.388 51 0.489458 
383.206 14.0796 520.938 153.522 51 0.870831 
274.838 68.5597 421.638 210.787 51 0.815181 
403.551 19.4484 485.839 83.7818 51 0.669976 
