199.659 145.676 219.427 166.542 8 0.921427 
224.876 164.019 236.584 179.103 8 0.8996 
32.9963 56.5681 51.3372 78.2639 8 0.374278 
55.6842 84.1436 75.9674 105.689 8 0.372321 
41.3764 4.50868 80.2978 40.224 47 0.502023 
108.589 37.9275 234.915 161.405 48 0.895573 
252.41 207.979 333.534 279.141 48 0.824985 
395.614 16.5568 479.226 88.0991 48 0.580626 
225.966 174.261 309.891 247.254 48 0.725869 
143.036 16.3488 164.032 38.6651 48 0.531086 
39.5477 6.22559 78.243 39.1173 48 0.658639 
266.52 133.332 304.056 170.289 48 0.980891 
334.277 72.0342 374.244 110.971 48 0.970491 
454.276 72.3277 510.986 127.634 48 0.562015 
529.023 0.329686 552.976 9.46519 48 0.333957 
275.687 185.834 304.477 214.457 48 0.969828 
436.551 68.1799 516.162 132.318 50 0.349745 
386.738 14.5476 517.284 152.926 51 0.621374 
279.266 77.9282 418.273 219.077 51 0.597459 
242.746 140.261 262.196 161.078 55 0.517454 
