230.219 181.126 241.071 195.567 9 0.352527 
1.00509 55.5727 8.26131 66.8242 42 0.392494 
108.542 52.1742 237.585 186.073 48 0.824866 
270.761 149.796 309.63 186.336 48 0.983003 
258.078 218.453 342.317 288.007 48 0.705583 
333.428 91.102 413.284 173.017 48 0.918722 
235.7 194.169 315.924 264.219 48 0.877882 
228.017 2.67215 306.83 71.8541 48 0.786733 
39.6854 27.9174 77.954 65.285 48 0.951593 
3.76672 1.20407 64.3563 54.2466 48 0.690657 
274.477 198.262 312.288 238.48 48 0.978575 
353.424 51.6603 394.913 89.311 48 0.668663 
226.791 190.786 280.321 245.933 48 0.87677 
435.553 76.9984 516.691 137.639 51 0.952969 
288.634 98.8772 406.254 230.07 51 0.811801 
413.187 264.155 456.718 303.457 51 0.81589 
