231.268 195.809 242.746 211.817 8 0.739282 
204.519 179.876 224.134 199.938 8 0.774584 
247.693 172.282 266.996 192.646 8 0.814819 
108.626 77.0045 236.525 203.729 48 0.867394 
220.784 7.56417 310.489 87.7816 48 0.619858 
266.368 233.429 348.617 304.453 48 0.594911 
273.172 166.763 309.907 200.694 48 0.918517 
236.89 209.399 318.34 279.667 48 0.653932 
190.987 48.4722 268.584 123.201 48 0.92403 
334.389 97.1382 374.103 136.125 48 0.813859 
281.942 102.602 414.607 240.616 51 0.701665 
133.039 0.112106 212.429 54.8172 51 0.712486 
237.979 209.111 314.747 281.038 51 0.771924 
266.66 232.501 344.581 310.911 51 0.682403 
4.76533 10.7137 65.1309 75.9558 51 0.636958 
386.568 25.0847 517.345 159.168 51 0.917596 
