17.0047 102.961 25.5623 113.478 5 0.457841 
228.866 208.425 247.536 228.454 8 0.793798 
205.291 195.363 225.143 216.222 8 0.844196 
33.408 115.338 51.6064 136.097 8 0.626817 
275.597 181.953 313.109 216.2 48 0.97867 
115.101 86.5725 235.632 222.222 48 0.85202 
144.016 0.423958 201.441 56.7174 48 0.962331 
402.125 53.304 477.174 120.52 48 0.598934 
342.115 123.642 412.359 200.324 48 0.990402 
104.243 101.76 159.505 158.379 48 0.943288 
353.189 81.0686 395.085 120.521 48 0.832717 
38.2302 63.1186 79.2646 102.792 48 0.981991 
284.497 228.3 313.119 261.224 48 0.957705 
4.7955 27.9696 64.8132 89.764 48 0.708343 
45.0475 23.639 103.502 82.9236 48 0.941934 
266.756 172.137 294.979 199.235 48 0.969933 
456.044 102.843 512.989 159.938 48 0.494182 
265.278 220.069 287.209 240.641 48 0.898822 
259.654 237.901 343.18 317.385 51 0.85642 
396.112 50.0119 476.871 118.357 51 0.649186 
290.9 132.176 403.881 259.359 51 0.951464 
428.453 20.1111 507.064 82.2281 51 0.791247 
362.614 92.5827 445.565 168.782 51 0.847778 
221.131 15.9264 314.218 105.813 51 0.683988 
132.559 3.1809 211.549 55.3166 51 0.491115 
