207.476 209.009 227.416 229.904 8 0.370416 
254.242 204.528 265.873 219.16 8 0.389995 
114.106 106.144 236.035 238.07 48 0.679728 
275.031 194.465 315.298 232.599 48 0.98196 
143.41 13.1716 202.717 73.9214 48 0.98483 
288.67 135.855 423.498 271.141 48 0.588106 
266.484 234.295 289.339 254.222 48 0.835096 
267.888 185.492 297.045 213.384 48 0.946213 
221.028 38.2892 310.433 113.242 48 0.793159 
340.668 136.962 417.062 209.978 48 0.93563 
285.872 242.62 314.809 275.267 48 0.884031 
226.348 0.683742 280.188 27.9669 48 0.543018 
246.931 199.906 285.634 237.776 48 0.961295 
223.486 26.6556 311.706 124.658 51 0.586294 
425.544 24.4691 511.604 98.1797 51 0.986775 
238.6 236.275 329.026 301.198 51 0.924922 
285.416 137.08 412.192 270.259 51 0.567677 
260.618 267.557 340.774 316.78 51 0.984554 
403.791 68.0034 476.149 133.532 51 0.798743 
335.439 127.47 376.044 166.96 55 0.535245 
