2851 1725 0.4654790977 117.089
2846 1744 0.4651265365 116.91
2838 1765 0.4576379743 118.528
2828 1786 0.455875012 119.759
2815 1807 0.4709574043 119.639
2802 1830 0.4666001818 119.815
2787 1855 0.4635612316 120.709
2772 1881 0.4626657512 120.265
2756 1910 0.4665367291 120.458
2738 1940 0.4706189726 120.445
2718 1971 0.4671360102 120.198
2698 2005 0.4574123185 118.874
2679 2041 0.4783878841 119.648
2663 2076 0.4663463711 119.482
2648 2109 0.4634201967 119.596
2634 2141 0.466184168 119.153
2621 2173 0.4678481712 119.151
2607 2206 0.4707318006 119.755
2591 2238 0.4639137928 118.85
2575 2267 0.47055552 119.382
2559 2294 0.4676225154 119.278
2543 2318 0.4725859533 119.784
2528 2339 0.4693146735 119.523
2512 2359 0.4643862206 119.075
2496 2379 0.4719655562 119.253
2478 2400 0.4669808978 114.635
2460 2426 0.4840693748 110.298
2442 2453 0.4701748039 110.44
2423 2482 0.4623202288 106.792
2405 2515 0.4730794973 102.643
2386 2552 0.4667694237 101.243
2370 2592 0.4634554424 102.242
2354 2630 0.4649432172 102.86
2342 2664 0.4776547633 101.932
2333 2692 0.4616573908 101.265
2325 2719 0.4649573468 101.614
2318 2747 0.4631804635 102.437
2311 2775 0.4697235965 101.519
2308 2797 0.476202547 101.606
2306 2816 0.4697870492 101.636
2306 2834 0.4760474347 101.94
2306 2853 0.4748207699 100.914
2305 2875 0.4737632949 100.406
2304 2902 0.4601201886 102.424
2299 2931 0.4652746102 102.947
2289 2961 0.4715143488 109.965
2276 2989 0.4550710869 114.825
2258 3019 0.463166386 114.957
2238 3051 0.4562558323 117.122
2215 3086 0.4683346243 123.427
2191 3120 0.4653944768 128.404
2164 3153 0.4712252924 137.231
2139 3181 0.4659162277 144.824
2113 3204 0.467389873 -207.554
2087 3222 0.4778944444 -199.763
2059 3238 0.4658316589 -190.384
2028 3248 0.465225287 -181.979
1993 3254 0.4644214663 -175.584
1955 3254 0.4746515802 -167.554
1914 3247 0.4622496852 -158.009
1872 3235 0.4475389368 -148.196
1833 3215 0.4597605365 -148.63
1798 3189 0.4578565914 -148.844
1764 3160 0.4704356533 -145.624
1732 3128 0.4688563753 -143.149
1701 3094 0.4651547435 -140.8
1670 3057 0.462531755 -134.256
1642 3019 0.4592739792 -133.809
1613 2979 0.481567035 -130.899
1583 2938 0.4703792915 -130.078
1556 2897 0.4692018456 -125.5435
1531 2859 0.4575956899 -122.6244
1507 2821 0.4652957784 -119.0755
1482 2782 0.4547466806 -118.7809
1459 2741 0.4520597702 -116.7412
1440 2705 0.4663816168 -115.9272
1429 2680 0.4601201886 -116.675
1420 2651 0.461981745 -115.0227
1411 2614 0.4668892382 -113.2582
1400 2571 0.4725789146 -114.1526
1388 2526 0.4632932914 -114.5308
1376 2478 0.4674674031 -112.793
1364 2430 0.4707670463 -110.6572
1352 2381 0.4679961927 -110.1999
1342 2332 0.4707952532 -110.2181
1332 2283 0.4660502239 -110.7105
1322 2234 0.4673969117 -110.0847
1313 2186 0.4610086824 -100.7288
1306 2137 0.4679679857 -85.2789
1305 2088 0.4738408772 -83.8602
1310 2039 0.4882209105 -83.6087
1320 1989 0.487248265 -83.6475
1334 1937 0.4994758606 -78.5596
1352 1884 0.5075369046 -74.7885
1373 1830 0.5146599232 -73.1456
1399 1775 0.5238107681 -70.0653
1429 1721 0.543227859 -65.0235
1465 1668 0.5432771821 -63.2908
1502 1616 0.5526489383 -64.5294
1539 1563 0.5531347136 -72.5407
1575 1508 0.5493749473 -73.1668
1607 1453 0.5483329054 -73.1438
1637 1398 0.5581825639 -73.1407
1664 1343 0.5463120655 -72.2987
1690 1290 0.5565774251 -72.692
1715 1238 0.5572040267 -72.3771
1738 1187 0.5594567791 -72.4685
1759 1136 0.5581403317 -70.3459
1780 1083 0.544805208 -69.2109
1803 1028 0.5567815998 -59.4895
1827 970 0.5551200992 -55.5076
1855 912 0.5612589496 -55.2575
1887 854 0.5513323345 -49.4541
1924 798 0.5580769833 -34.75014
1965 749 0.5639691138 -26.78041
2011 706 0.5555988358 -19.2227
2059 671 0.562350054 -12.1556
2104 645 0.5614771496 -10.6194
2142 628 0.5661582571 -8.3834
2174 619 0.5658133602 -0.2433
2208 617 0.5722889217 7.7145
2245 621 0.5585979521 8.7917
2281 629 0.5628780094 20.1016
2315 643 0.5466711962 25.9948
2347 662 0.5583796999 34.1406
2378 686 0.5610899684 37.4483
2407 714 0.54918485 38.3566
2435 745 0.5504170414 38.3366
2463 779 0.5676645932 37.7285
2495 816 0.5450093827 38.4069
2530 852 0.5534937921 38.5908
2567 890 0.5592385269 38.0412
2604 927 0.5626386933 38.6592
2642 963 0.5600340576 38.2564
2679 998 0.5680798771 40.1062
2715 1030 0.5656092376 44.8842
2748 1061 0.5611674464 56.6061
2777 1092 0.5589429011 65.3532
2801 1126 0.5691708773 72.638
2822 1162 0.5442700574 82.879
2836 1200 0.5430025681 88.263
2844 1243 0.5495368898 95.093
2846 1290 0.5549511702 102.233
2841 1338 0.5382210418 104.164
2833 1388 0.5304810672 106.534
2822 1438 0.5293963759 107.067
2810 1487 0.5053737786 107.389
2800 1536 0.5091856313 107.562
2790 1582 0.4899265725 107.593
2784 1610 0.4697235965 108.734
2782 1625 0.4706824253 108.927
2789 1639 0.4667764624 113.77
2802 1652 0.4631804635 113.208
2805 1656 0.4463963195 111.703
2803 1658 0.4548806768 113.336
2805 1662 0.4394415522 112.939
2813 1670 0.4338333684 110.335
2821 1676 0.416151841 109.349
2829 1678 0.4027848867 106.164
2836 1680 0.3993685835 103.733
2839 1685 0.371755566 105.169
2839 1688 0.357213147 106.11
2839 1687 0.3376222782 105.554
2838 1686 0.3313331904 104.587
2838 1687 0.3152965315 105.304
2837 1687 0.3041976582 105.102
2835 1686 0.2740860289 105.449
2834 1686 0.2597745057 105.389
2833 1686 0.2445182833 105.174
2833 1686 0.2333496226 104.684
2833 1686 0.2271273765 104.446

